{
  "config": {
    "n_timesteps": 50,
    "grid_size": 10,
    "n_temperature_states": 5,
    "n_observations": 5,
    "n_actions": 4,
    "total_states": 500
  },
  "true_positions": [
    [
      2,
      0
    ],
    [
      2,
      0
    ],
    [
      1,
      0
    ],
    [
      1,
      0
    ],
    [
      1,
      0
    ],
    [
      1,
      0
    ],
    [
      0,
      0
    ],
    [
      0,
      0
    ],
    [
      0,
      0
    ],
    [
      0,
      0
    ],
    [
      0,
      0
    ],
    [
      0,
      0
    ],
    [
      0,
      0
    ],
    [
      0,
      0
    ],
    [
      0,
      0
    ],
    [
      0,
      0
    ],
    [
      0,
      0
    ],
    [
      0,
      0
    ],
    [
      0,
      0
    ],
    [
      0,
      0
    ],
    [
      0,
      0
    ],
    [
      0,
      0
    ],
    [
      0,
      0
    ],
    [
      0,
      0
    ],
    [
      0,
      0
    ],
    [
      0,
      0
    ],
    [
      0,
      0
    ],
    [
      0,
      0
    ],
    [
      0,
      0
    ],
    [
      0,
      0
    ],
    [
      0,
      0
    ],
    [
      0,
      0
    ],
    [
      0,
      0
    ],
    [
      0,
      0
    ],
    [
      0,
      0
    ],
    [
      0,
      0
    ],
    [
      0,
      0
    ],
    [
      0,
      0
    ],
    [
      0,
      0
    ],
    [
      0,
      0
    ],
    [
      0,
      0
    ],
    [
      0,
      0
    ],
    [
      0,
      0
    ],
    [
      0,
      0
    ],
    [
      0,
      0
    ],
    [
      0,
      0
    ],
    [
      0,
      0
    ],
    [
      0,
      0
    ],
    [
      0,
      0
    ],
    [
      0,
      0
    ]
  ],
  "estimated_positions": [
    [
      0,
      0
    ],
    [
      0,
      0
    ],
    [
      0,
      0
    ],
    [
      0,
      0
    ],
    [
      0,
      0
    ],
    [
      0,
      0
    ],
    [
      0,
      0
    ],
    [
      0,
      0
    ],
    [
      0,
      0
    ],
    [
      0,
      0
    ],
    [
      0,
      0
    ],
    [
      0,
      0
    ],
    [
      0,
      0
    ],
    [
      0,
      0
    ],
    [
      0,
      0
    ],
    [
      0,
      0
    ],
    [
      0,
      0
    ],
    [
      0,
      0
    ],
    [
      0,
      0
    ],
    [
      0,
      0
    ],
    [
      0,
      0
    ],
    [
      0,
      0
    ],
    [
      0,
      0
    ],
    [
      0,
      0
    ],
    [
      0,
      0
    ],
    [
      0,
      0
    ],
    [
      0,
      0
    ],
    [
      0,
      0
    ],
    [
      0,
      0
    ],
    [
      0,
      0
    ],
    [
      0,
      0
    ],
    [
      0,
      0
    ],
    [
      0,
      0
    ],
    [
      0,
      0
    ],
    [
      0,
      0
    ],
    [
      0,
      0
    ],
    [
      0,
      0
    ],
    [
      0,
      0
    ],
    [
      0,
      0
    ],
    [
      0,
      0
    ],
    [
      0,
      0
    ],
    [
      0,
      0
    ],
    [
      0,
      0
    ],
    [
      0,
      0
    ],
    [
      0,
      0
    ],
    [
      0,
      0
    ],
    [
      0,
      0
    ],
    [
      0,
      0
    ],
    [
      0,
      0
    ],
    [
      0,
      0
    ]
  ],
  "timesteps": [
    0,
    1,
    2,
    3,
    4,
    5,
    6,
    7,
    8,
    9,
    10,
    11,
    12,
    13,
    14,
    15,
    16,
    17,
    18,
    19,
    20,
    21,
    22,
    23,
    24,
    25,
    26,
    27,
    28,
    29,
    30,
    31,
    32,
    33,
    34,
    35,
    36,
    37,
    38,
    39,
    40,
    41,
    42,
    43,
    44,
    45,
    46,
    47,
    48,
    49
  ],
  "temperature_preference_grid": [
    [
      0.0,
      0.07906272877014553,
      0.2507144315464098,
      0.3844505578596489,
      0.4702941459221648,
      0.5,
      0.4702941459221648,
      0.3844505578596489,
      0.2507144315464098,
      0.07906272877014553
    ],
    [
      0.07906272877014553,
      0.30294372515228596,
      0.5,
      0.6583592135001262,
      0.763068312314702,
      0.8,
      0.763068312314702,
      0.6583592135001262,
      0.5,
      0.30294372515228596
    ],
    [
      0.2507144315464098,
      0.5,
      0.7272077938642145,
      0.9183346173608034,
      1.0513167019494862,
      1.1,
      1.0513167019494862,
      0.9183346173608034,
      0.7272077938642145,
      0.5
    ],
    [
      0.3844505578596489,
      0.6583592135001262,
      0.9183346173608034,
      1.1514718625761429,
      1.329179606750063,
      1.4,
      1.329179606750063,
      1.1514718625761429,
      0.9183346173608034,
      0.6583592135001262
    ],
    [
      0.4702941459221648,
      0.763068312314702,
      1.0513167019494862,
      1.329179606750063,
      1.5757359312880714,
      1.7,
      1.5757359312880714,
      1.329179606750063,
      1.0513167019494862,
      0.763068312314702
    ],
    [
      0.5,
      0.8,
      1.1,
      1.4,
      1.7,
      2.0,
      1.7,
      1.4,
      1.1,
      0.8
    ],
    [
      0.4702941459221648,
      0.763068312314702,
      1.0513167019494862,
      1.329179606750063,
      1.5757359312880714,
      1.7,
      1.5757359312880714,
      1.329179606750063,
      1.0513167019494862,
      0.763068312314702
    ],
    [
      0.3844505578596489,
      0.6583592135001262,
      0.9183346173608034,
      1.1514718625761429,
      1.329179606750063,
      1.4,
      1.329179606750063,
      1.1514718625761429,
      0.9183346173608034,
      0.6583592135001262
    ],
    [
      0.2507144315464098,
      0.5,
      0.7272077938642145,
      0.9183346173608034,
      1.0513167019494862,
      1.1,
      1.0513167019494862,
      0.9183346173608034,
      0.7272077938642145,
      0.5
    ],
    [
      0.07906272877014553,
      0.30294372515228596,
      0.5,
      0.6583592135001262,
      0.763068312314702,
      0.8,
      0.763068312314702,
      0.6583592135001262,
      0.5,
      0.30294372515228596
    ]
  ],
  "grid_size": 10
}